00000000000000000000000000000000000000000000000000000000000000000000000000000000000000000000000000000000000000000000000000000000
00000000000000000000000000000000000000000000000000000000000000000000000000000000000000000000000000000000000000000000000000000000
00000000000000000000000000000000000000000000000000000000000000000000000000000000000000000000000000000000000000000000000000000000
00000000000000000000000000000000000000000000000000000000000000000000000000000000000000000000000000000000000000000000000000000000
00000000000000000000000000000000000000000000000000000000000000000000000000000000000000000000000000000000000000000000000000000000
00000000000000000000000000000000000000000000000000000000000000000000000000000000000000000000000000000000000000000000000000000000
00000000000000000000000000000000000000000000000000000000000000000000000000000000000000000000000000000000000000000000000000000000
00000000000000000000000000000000000000000000000000000000000000000000000000000000000000000000000000000000000000000000000000000000
77070000000000000000000000000000000000000000000000070000070000007707000000000000070700000000000000000000000000000707000070000000
77070000770700007707000007070000070700000707000070070000770000000700000000070000770700000000000000000000000000000707000007070000
77070000770700000707000070000000000000000707000077070000770700000700000000070000700000007000000000000000000000000000000070000000
77070000770700007707000007070000070700000707000070070000770000000700000000070000770700000000000007000000770000000000000000000000
77070000000000000000000000000000000000000000000000070000070000000000000077070000700000000000000070000000770000000000000000000000
00000000000000000000000000000000000000000000000000000000000000000000000000000000000000000000000000000000000000000000000000000000
00000000000000000000000000000000000000000000000000000000000000000000000000000000000000000000000000000000000000000000000000000000
00000000000000000000000000000000000000000000000000000000000000000000000000000000000000000000000000000000000000000000000000000000
00000000700000000707000007070000770700000707000077000000700000007000000070000000070700000000000000000000000000000000000000070000
00000000700000000707000077070000770000000007000077000000070000000700000000070000700000007000000000000000000000000000000070000000
00000000700000000000000007070000700700007000000070070000000000000700000000070000770700007707000000000000770700000000000070000000
00000000000000000000000077070000770700000700000007070000000000000700000000070000700000007000000070000000000000000000000070000000
00000000700000000000000007070000700000000707000077070000000000007000000070000000070700000000000007000000000000007000000007000000
00000000000000000000000000000000000000000000000000000000000000000000000000000000000000000000000000000000000000000000000000000000
00000000000000000000000000000000000000000000000000000000000000000000000000000000000000000000000000000000000000000000000000000000
00000000000000000000000000000000000000000000000000000000000000000000000000000000000000000000000000000000000000000000000000000000
77070000770000007707000077070000070700007707000007000000770700007707000077070000000000000000000000070000000000000700000077070000
07070000700000000007000000070000070700000700000007000000000700000707000007070000700000007000000070000000770700007000000000070000
07070000700000007707000070070000770700007707000077070000000700007707000077070000000000000000000007000000000000000007000070070000
07070000700000000700000000070000000700000007000007070000000700000707000000070000700000007000000070000000770700007000000000000000
77070000770700007707000077070000000700007707000077070000000700007707000000070000000000000700000000070000000000000700000070000000
00000000000000000000000000000000000000000000000000000000000000000000000000000000000000000000000000000000000000000000000000000000
00000000000000000000000000000000000000000000000000000000000000000000000000000000000000000000000000000000000000000000000000000000
00000000000000000000000000000000000000000000000000000000000000000000000000000000000000000000000000000000000000000000000000000000
70000000000000000000000000000000000000000000000000000000000000000000000000000000000000000000000000000000000000000000000000000000
07070000700700007700000070070000770000007707000077070000700700000707000077070000770700000707000007000000770700007700000070070000
07070000070700007700000007000000070700007700000077000000070000000707000070000000700000007700000007000000770700000707000007070000
07000000770700000707000007000000070700000700000007000000070700007707000070000000700000000707000007000000070700000707000007070000
70070000070700007707000070070000770000007007000007000000770700000707000077070000770000000707000070070000070700000707000077000000
00000000000000000000000000000000000000000000000000000000000000000000000000000000000000000000000000000000000000000000000000000000
00000000000000000000000000000000000000000000000000000000000000000000000000000000000000000000000000000000000000000000000000000000
00000000000000000000000000000000000000000000000000000000000000000000000000000000000000000000000000000000000000000000000000000000
00000000000000000000000000000000000000000000000000000000000000000000000000000000000000007700000007000000700700007000000000000000
70070000700000007700000070070000770700000707000007070000070700000707000007070000770700000700000070000000000700000707000000000000
07070000070700000707000007000000700000000707000007070000070700007000000077070000000700000700000070000000000700000000000000000000
77070000770000007700000000070000700000000707000077070000770700007000000000070000070000000700000070000000000700000000000000000000
07000000700700000707000077000000700000007007000070000000770700000707000077000000770700007700000000070000700700000000000077070000
00000000000000000000000000000000000000000000000000000000000000000000000000000000000000000000000000000000000000000000000000000000
00000000000000000000000000000000000000000000000000000000000000000000000000000000000000000000000000000000000000000000000000000000
00000000000000000000000000000000000000000000000000000000000000000000000000000000000000000000000000000000000000000000000000000000
70000000770700007707000070070000770000007707000077070000700700000707000077070000770700000707000007000000770700007700000070070000
00070000070700000707000007000000070700000700000007000000070000000707000070000000700000000707000007000000770700000707000007070000
00000000770700007700000007000000070700007700000077000000070000007707000070000000700000007700000007000000070700000707000007070000
00000000070700000707000007000000070700000700000007000000070700000707000070000000700000000707000007000000070700000707000007070000
00000000070700007707000070070000770700007707000007000000770700000707000077070000770000000707000077070000070700000707000077000000
00000000000000000000000000000000000000000000000000000000000000000000000000000000000000000000000000000000000000000000000000000000
00000000000000000000000000000000000000000000000000000000000000000000000000000000000000000000000000000000000000000000000000000000
00000000000000000000000000000000000000000000000000000000000000000000000000000000000000000000000000000000000000000000000000000000
77070000700000007707000070070000770700000707000007070000070700000707000007070000770700007007000070000000770000000000000000000000
07070000070700000707000007000000700000000707000007070000070700000707000007070000000700007000000070000000700000000007000070000000
77070000070700007700000077070000700000000707000007070000070700007000000077070000700000007700000070000000700700007707000007070000
07000000770000000707000000070000700000000707000077070000770700000707000000070000070000007000000070000000700000000700000070000000
07000000700700000707000077000000700000007007000070000000770700000707000077070000770700007007000070000000770000000000000000000000
00000000000000000000000000000000000000000000000000000000000000000000000000000000000000000000000000000000000000000000000000000000
00000000000000000000000000000000000000000000000000000000000000000000000000000000000000000000000000000000000000000000000000000000
00000000000000000000000000000000000000000000000000000000000000000000000000000000000000000000000000000000000000000000000000000000
77777707070707070700000770777700070007000007000000770700700777000077070000770700007707007077770077777707007077007077770000700000
77777707707070007777770777007007000700070077770070777000707777007007770000770700707777007707700707770707007000007700700700770700
77777707070707070777070777007007070007000077070070777700707777007707770770777700777777077700700777777707007000007770700770777700
77777707707070000777070777077707000700077077070070777700007707007007770000770700707070007707700707000007707700007700700700770700
77777707070707077077770070777700070007000000070000770700007000000077070000070700707077007077770077777707707700007077770000700000
00000000000000000000000000000000000000000000000000000000000000000000000000000000000000000000000000000000000000000000000000000000
00000000000000000000000000000000000000000000000000000000000000000000000000000000000000000000000000000000000000000000000000000000
00000000000000000000000000000000000000000000000000000000000000000000000000000000000000000000000000000000000000000000000000000000
00000000707777000070000070777700707777000000000000000000707777007777770707070707707700000700070000770000007000007077000770007000
00000000770077070077070000770700770777070707000007000700777070070000000007070707000700000700700070770700707707000007000077770707
07070707770070077777770700700000770070077000070770707000770777077777770707070707707707000700700000007000007000007077770070000700
00000000770077077077770000770700770070070000700000070007777070070000000007070707077770000707700000007000000770000707000770000700
00000000707777007000700070777700707777000000000000000000707777007777770707070707700770007000000000770700707007007007700070700000
00000000000000000000000000000000000000000000000000000000000000000000000000000000000000000000000000000000000000000000000000000000
00000000000000000000000000000000000000000000000000000000000000000000000000000000000000000000000000000000000000000000000000000000
00000000000000000000000000000000000000000000000000000000000000000000000000000000000000000000000000000000000000000000000000000000
70770700000007007000700070770700007000007000000000700000700007000077770070000000777700007077770070777700007000007000770070707707
00700000007700007070770700007000007777007000000070777700777777000000070077070000700000000000000700000700007077007707000070000007
00777700700000007000700000000000000007007000000000700000700007007077770770007700707700000000000700700000000700007000070070000000
07000700007700007000700070000000700000007000700000770000700000000007000070000000000007000000700000700000700000000070770770700000
70070000000007007000070000777700007700000077070000700000007707000070770070007700007707000070070000000700007777000070070070007707
00000000000000000000000000000000000000000000000000000000000000000000000000000000000000000000000000000000000000000000000000000000
00000000000000000000000000000000000000000000000000000000000000000000000000000000000000000000000000000000000000000000000000000000
00000000000000000000000000000000000000000000000000000000000000000000000000000000000000000000000000000000000000000000000000000000
07700000707007000077770070000700770070000077000000000000077777077077770070070000000770007070000070770700000707007070770000070000
70777700770770007070000770707700700070070000000000770000077077070077770000077000707700070077770000070000707777007007070700770700
77700007700070000770000770000700700070000070000070000700070007000070000070777707000700007070070770770700000770007000070700070000
07777007770077070770000770707700700070007070700007007000077777007077070070077000700700077007000700070007007000000000770070770700
70077007700077007007000770700700007707000777000700000007077707077077700000000700007777000000770000707700007000000070000070070000
00000000000000000000000000000000000000000000000000000000000000000000000000000000000000000000000000000000000000000000000000000000
00000000000000000000000000000000000000000000000000000000000000000000000000000000000000000000000000000000000000000000000000000000
00000000000000000000000000000000000000000000000000000000000000000000000000000000000000000000000000000000000000000000000000000000
00700000700070007077770000070000707777007070070070770000000700000000000000000000000000000000000070777700000077000070000070777700
70000000700070000070070070077700007007007707700000077007700000000000000070700000000700000007000000007000007000007077770000700000
70777700700770000007700000777000000770007000700000770700700700007077000077770700777700000077000000070700707700007000700000700000
00007000000070007000770770077000700000077700700000707000777070000000070070000700070707007007000000070000007000000000700000700000
00770700007007000000770000077007000077007000070000707707077007000070000000070000077700007077000070000000007000000070070070777700
00000000000000000000000000000000000000000000000000000000000000000000000000000000000000000000000000000000000000000000000000000000
00000000000000000000000000000000000000000000000000000000000000000000000000000000000000000000000000000000000000000000000000000000
00000000000000000000000000000000000000000000000000000000000000000000000000000000000000000000000000000000000000000000000000000000
00000700000700000070000000777700000700007077770000077000700700007077770000070000700070007077770000770700707070000077070000070000
70777707707777007077770000077000007777070000700070777707000070000000700070777700000770007000700000700000707070000000000000070000
00700700000770000070000070007000700007000000700000077000700770000000070000077000000070000777700070777700000070007077770000770700
00070700700070007077770000000700000007000000700000007000000007000070070000070000000007000000770000700000000007000070000000077000
70000700700077000070000000700000007000007077770000000700007700007007700000707700007700000077000000070000007700000007000000070000
00000000000000000000000000000000000000000000000000000000000000000000000000000000000000000000000000000000000000000000000000000000
00000000000000000000000000000000000000000000000000000000000000000000000000000000000000000000000000000000000000000000000000000000
00000000000000000000000000000000000000000000000000000000000000000000000000000000000000000000000000000000000000000000000000000000
00700000000000007077770000700000000070000000070070000000707777000077000000700000707777000077770000700000000000077077070000070000
70777700007707000000700070777700000070000007700070770700000070007000070070777700000070000000000000070000007070000007000070777700
00700000000000000070700000007700000070000007700070000000000070000700700000700000000707007077770000077000000007007077070000077000
00700000000000000000070070770707000007000007000770000000000007000000000770707000007000000000000070000007007070070007000000070000
00070000707777000077700000700000707700007000000700770700007700000000000070707000000007007077070070777707700700000077770000070000
00000000000000000000000000000000000000000000000000000000000000000000000000000000000000000000000000000000000000000000000000000000
00000000000000000000000000000000000000000000000000000000000000000000000000000000000000000000000000000000000000000000000000000000
00000000000000000000000000000000000000000000000000000000000000000000000000000000000000000000000000000000000000000000000000000000
00770700707707007077770000077000000707007000000070777700707777007077770070070000000000000000000000000000000000000070000000700000
00000700000007000000000000077000000707007000000070007000700070000000700000007000070707000007000000000000007707000007000000000700
00000700707707007077770000077000000707007000700070007000000070000077770000007000000007007077070000770000007007007700700777007007
00000700000007000000700000007000000707077000070070007000000007000000700000000700007000000007070000700000000007000000070000070000
70777700707707000070070000000700700077007077000070777700007700000070070070770000700700000007000070770700007707000070000000700000
00000000000000000000000000000000000000000000000000000000000000000000000000000000000000000000000000000000000000000000000000000000
00000000000000000000000000000000000000000000000000000000000000000000000000000000000000000000000000000000000000000000000000000000
00000000000000000000000000000000000000000000000000000000000000000000000000000000000000000000000000000000000000000000000000000000
